00000001000010010101000000100000
00000010000100011001000000100000
00000010100100111010100000100010
00000001100010110110100000100010
00000010010011011011000000100101
00000001010101010111000000100101
00000010010011011011100000100100
00000001010101010111100000100100
00000010010011010100000000100111
00000001010101011000000000100111
00000001110011010100100000101010
00000001101011101000100000101010
10001110010010100000000000000100
10001110001010110000000000001000
10101110010011000000000000000100
10101110001011010000000000001000
00000010010011010100000000100110
00000001010101011000000000100110
00010110100101010000000000000001
00010110100101010000000000000001
00010010001101011111111111110000
